-183.562 -686.674
241.27 -462.744
994.462 -21.729
423.257 675.047
-726.735 -937.753
-586.206 36.6
152.758 694.432
713.165 -12.036
-833.958 -135.363
102.293 -15.752
-393.53 556.781
-226.307 543.273
812.085 -729.138
985.294 916.123
-700.954 -593.48
-837.847 115.484
236.198 919.775
-830.907 230.66
-101.954 592.35
-94.293 687.664
-829.05 835.853
240.616 840.06
530.285 -46.219
344.377 696.328
-665.229 -553.33
196.928 -58.759
-480.197 -513.027
-515.486 -668.111
-242.165 -13.84
-751.988 573.234
909.032 -73.483
205.07 145.23
362.644 374.163
-107.757 -222.957
482.866 -685.698
-18.941 -829.832
-849.844 -778.325
-989.772 -803.207
691.809 354.605
-590.527 -973.42
-682.372 606.402
-32.179 -162.569
-906.625 968.687
685.672 367.563
-45.152 -549.964
-59.203 380.232
376.553 -854.133
41.815 255.55
-963.617 934.058
-967.407 -964.399
-235.288 13.652
-794.231 431.22
751.679 -267.651
628.014 443.488
-396.693 -962.513
470.068 437.287
-839.759 -562.111
-725.282 -230.031
-77.071 -523.257
-862.468 877.777
-73.221 78.329
774.361 -180.315
740.548 -183.824
-924.765 -706.717
266.586 -892.172
-671.116 -968.701
637.832 51.005
462.519 389.511
783.355 606.885
-167 -96.986
-839.275 -696.932
-659.699 -679.034
257.31 131.371
90.935 -819.761
608.114 744.819
-425.632 51.246
339.5 -134.919
870.931 80.049
681.258 -537.482
373.332 -52.156
-429.654 -781.431
495.495 -791.822
269.574 474.367
-885.959 569.281
81.252 -52.959
-527.705 758.329
766.462 -187.404
-404.352 540.124
-539.68 -797.065
-763.285 -415.214
947.755 327.435
636.032 287.255
-807.484 -976.685
-116.344 873.774
-514.167 -226.659
337.971 56.179
-8.09 -166.534
780.709 -738.516
-692.167 -588.897
830.766 905.438